1.63502977267  0.0520446096654
34.3783926045  0.0520446096654
114.909366056  0.0520446096654
132.601901503  0.0594795539033
154.706056519  0.0817843866171
164.420831003  0.104089219331
182.962134421  0.152416356877
202.398262986  0.189591078067
223.601013258  0.230483271375
255.442971346  0.24907063197
257.21288285  0.24907063197
260.755995657  0.245353159851
262.522617364  0.24907063197
265.154456032  0.275092936803
266.881600158  0.323420074349
272.076191729  0.453531598513
274.652103826  0.542750929368
279.856564793  0.661710037175
284.215547587  0.736059479554
292.068296213  0.862453531599
299.078856466  0.940520446097
