1.63502977267  0.0520446096654
52.0775076488  0.0520446096654
91.0155607461  0.0520446096654
103.39836168  0.0594795539033
125.505806494  0.0780669144981
145.826890812  0.115241635688
173.191433365  0.193308550186
197.901108662  0.271375464684
222.630522749  0.327137546468
242.958186663  0.35687732342
257.1141889  0.360594795539
261.535677863  0.364312267658
263.295719972  0.375464684015
266.786196006  0.431226765799
268.500180939  0.494423791822
273.704641905  0.613382899628
280.665855183  0.747211895911
286.775010692  0.843866171004
292.025528835  0.910780669145
295.535743659  0.944237918216
299.052538079  0.970260223048
