1.63173997434  0.0557620817844
95.4403395072  0.0520446096654
112.251209001  0.0557620817844
130.831989999  0.0594795539033
143.211501135  0.0706319702602
157.364213574  0.0780669144981
167.973813205  0.089219330855
178.589992433  0.092936802974
190.969503569  0.104089219331
215.735105438  0.118959107807
230.772773629  0.126394052045
241.392242656  0.126394052045
260.861269204  0.126394052045
262.621311314  0.137546468401
265.246570385  0.171003717472
268.710728032  0.256505576208
273.888870612  0.405204460967
277.320130276  0.527881040892
283.389808205  0.669144981413
288.607428365  0.773234200743
294.710004277  0.877323420074
299.082146264  0.936802973978
