0.887573964497  0.0704559952487
51.4792899408  0.073546556389
78.9940828402  0.0732056048041
86.0946745562  0.0805525615363
98.5207100592  0.095268471877
116.272189349  0.113635863707
131.360946746  0.158058555685
142.01183432  0.209971184092
148.224852071  0.243351444095
157.100591716  0.299003541497
161.538461538  0.332405798377
167.75147929  0.376938474737
176.627218935  0.432590572139
181.952662722  0.473416774818
189.940828402  0.52164492642
206.804733728  0.625525175425
213.017751479  0.647753019071
217.455621302  0.666285387475
226.331360947  0.695915180044
234.319526627  0.721838498933
240.532544379  0.736631398341
245.857988166  0.747717824069
252.958579882  0.762499725039
257.396449704  0.769879677086
260.059171598  0.762411737533
262.721893491  0.762378742219
263.609467456  0.766085215899
267.159763314  0.792063526979
273.372781065  0.847748619696
279.585798817  0.888563823937
284.911242604  0.907085193902
293.786982249  0.925562570115
300  0.932920525285
