1.61200118433  0.0780669144981
30.8155410073  0.0780669144981
67.0954370497  0.0817843866171
96.3055564694  0.0743494423792
115.777872816  0.0706319702602
134.361943613  0.0706319702602
156.485837418  0.0706319702602
180.379642728  0.0706319702602
214.004671514  0.0743494423792
251.176102905  0.0706319702602
262.677237885  0.0743494423792
264.433990196  0.089219330855
265.31565615  0.092936802974
270.520117117  0.211895910781
273.089449617  0.308550185874
279.988156726  0.513011152416
286.932921012  0.665427509294
293.85465671  0.843866171004
299.075566668  0.944237918216
