1.60871138599  0.0817843866171
10.4582689081  0.0817843866171
29.0423397046  0.0817843866171
54.7060565187  0.0817843866171
74.1750830674  0.0817843866171
97.1839326249  0.0817843866171
115.75155443  0.100371747212
134.289568049  0.152416356877
141.346185479  0.17843866171
152.807842879  0.226765799257
164.24976149  0.297397769517
179.221633714  0.379182156134
186.271671547  0.412639405204
203.901700826  0.490706319703
223.321380399  0.546468401487
232.157778728  0.561338289963
246.300621772  0.579925650558
257.798466954  0.587360594796
262.23311511  0.576208178439
264.878112972  0.587360594796
268.378458401  0.631970260223
270.983978682  0.687732342007
281.48172517  0.825278810409
287.633648057  0.873605947955
299.082146264  0.936802973978
