1.77514792899  0.0741624689294
10.650887574  0.0740524845472
34.6153846154  0.0737555267152
63.0177514793  0.0734035766921
81.6568047337  0.0768900816084
94.0828402367  0.0878885198302
112.721893491  0.106244913222
128.698224852  0.146939134643
138.461538462  0.19142781725
150  0.254481863575
161.538461538  0.324970854139
165.976331361  0.358373111018
172.189349112  0.388035898902
179.289940828  0.425122632586
190.828402367  0.491894151031
204.142011834  0.55492620048
213.017751479  0.588273465168
221.893491124  0.617903257737
232.544378698  0.643793581311
241.420118343  0.662270957524
253.846153846  0.676986867865
258.284023669  0.680649347793
261.834319527  0.673170409802
263.609467456  0.680583357163
266.272189349  0.702855194562
268.934911243  0.732561976199
271.597633136  0.773421174193
274.26035503  0.814280372187
276.923076923  0.855139570181
278.698224852  0.881139878137
282.24852071  0.910835661336
285.798816568  0.936813972416
292.01183432  0.9664767603
299.112426036  0.984976133389
