3.55029585799  0.0557620817844
13.3136094675  0.0557620817844
47.0414201183  0.0557620817844
61.2426035503  0.0557620817844
88.7573964497  0.0594795539033
103.846153846  0.0706319702602
113.609467456  0.089219330855
122.485207101  0.115241635688
133.136094675  0.156133828996
138.461538462  0.185873605948
145.562130178  0.223048327138
154.437869822  0.278810408922
159.763313609  0.315985130112
165.976331361  0.360594795539
173.076923077  0.412639405204
180.177514793  0.460966542751
184.615384615  0.490706319703
188.165680473  0.509293680297
190.828402367  0.527881040892
197.041420118  0.568773234201
205.917159763  0.624535315985
213.905325444  0.672862453532
222.781065089  0.721189591078
228.106508876  0.747211895911
233.431952663  0.769516728625
243.195266272  0.799256505576
252.958579882  0.82156133829
259.171597633  0.828996282528
261.834319527  0.836431226766
263.609467456  0.843866171004
266.272189349  0.862453531599
268.934911243  0.884758364312
271.597633136  0.903345724907
276.923076923  0.936802973978
283.136094675  0.959107806691
290.236686391  0.977695167286
299.112426036  0.985130111524
